{
 "cells": [
  {
   "cell_type": "markdown",
   "metadata": {},
   "source": [
    "## Matrix Decomposition in R\n",
    "\n",
    "We're going to perform some matrix decompositions by using the *pracma* R library\n",
    "\n",
    "```r\n",
    "# Importing pracma\n",
    "> library(pracma)\n",
    "\n",
    "# Defining a vector\n",
    "> vec <- c(1:25)\n",
    "> vec\n",
    " [1]  1  2  3  4  5  6  7  8  9 10 11 12 13 14 15 16 17 18 19 20 21 22 23 24 25\n",
    "\n",
    "# Defining the matrix\n",
    "> A <- matrix(data = -vec, nrow = 5, ncol = 5, byrow = TRUE)\n",
    "> A\n",
    "     [,1] [,2] [,3] [,4] [,5]\n",
    "[1,]   -1   -2   -3   -4   -5\n",
    "[2,]   -6   -7   -8   -9  -10\n",
    "[3,]  -11  -12  -13  -14  -15\n",
    "[4,]  -16  -17  -18  -19  -20\n",
    "[5,]  -21  -22  -23  -24  -25\n",
    "\n",
    "# Computing e raised to the matrix A\n",
    "> A <- expm(A)\n",
    "> A\n",
    "           [,1]       [,2]      [,3]      [,4]      [,5]\n",
    "[1,]  21.799256  13.156150  5.513045 -2.130061 -9.773166\n",
    "[2,]  11.026089   7.938279  2.850469 -1.237342 -5.325152\n",
    "[3,]   1.252923   0.720408  1.187893 -0.344623 -0.877138\n",
    "[4,]  -8.520243  -5.497463 -2.474683  1.548097  3.570877\n",
    "[5,] -18.293410 -11.715334 -5.137259  1.440816  9.018891\n",
    "\n",
    "# LU decomposition\n",
    "> A_LU <- lu(A)\n",
    "\n",
    "# Extracting L\n",
    "> L <-A_LU$L\n",
    "> L\n",
    "            [,1]        [,2]       [,3]       [,4] [,5]\n",
    "[1,]  1.00000000  0.00000000  0.0000000  0.0000000    0\n",
    "[2,]  0.50580116  1.00000000  0.0000000  0.0000000    0\n",
    "[3,]  0.05747549 -0.02784383  1.0000000  0.0000000    0\n",
    "[4,] -0.39085017 -0.27680051 -0.3468983  1.0000000    0\n",
    "[5,] -0.83917589 -0.52575672 -0.5479972 -0.9364204    1\n",
    "\n",
    "# Extracting U\n",
    "> U <- A_LU$U\n",
    "> U\n",
    "         [,1]      [,2]       [,3]       [,4]          [,5]\n",
    "[1,] 21.79926 13.156150 5.51304500 -2.1300610 -9.773166e+00\n",
    "[2,]  0.00000  1.283883 0.06196444 -0.1599547 -3.818733e-01\n",
    "[3,]  0.00000  0.000000 0.87275334 -0.2266504 -3.260533e-01\n",
    "[4,]  0.00000  0.000000 0.00000000  0.5926621 -4.677767e-01\n",
    "[5,]  0.00000  0.000000 0.00000000  0.0000000  1.435089e-06\n",
    "\n",
    "# Proof: A = LU\n",
    "> L %*% U\n",
    "           [,1]       [,2]      [,3]      [,4]      [,5]\n",
    "[1,]  21.799256  13.156150  5.513045 -2.130061 -9.773166\n",
    "[2,]  11.026089   7.938279  2.850469 -1.237342 -5.325152\n",
    "[3,]   1.252923   0.720408  1.187893 -0.344623 -0.877138\n",
    "[4,]  -8.520243  -5.497463 -2.474683  1.548097  3.570877\n",
    "[5,] -18.293410 -11.715334 -5.137259  1.440816  9.018891\n",
    "> A\n",
    "           [,1]       [,2]      [,3]      [,4]      [,5]\n",
    "[1,]  21.799256  13.156150  5.513045 -2.130061 -9.773166\n",
    "[2,]  11.026089   7.938279  2.850469 -1.237342 -5.325152\n",
    "[3,]   1.252923   0.720408  1.187893 -0.344623 -0.877138\n",
    "[4,]  -8.520243  -5.497463 -2.474683  1.548097  3.570877\n",
    "[5,] -18.293410 -11.715334 -5.137259  1.440816  9.018891\n",
    "\n",
    "# QR decomposition\n",
    "> A_QR <- qr(A)\n",
    "\n",
    "# Computing Q\n",
    "> Q <- qr.Q(A_QR)\n",
    "> Q\n",
    "            [,1]       [,2]       [,3]        [,4]      [,5]\n",
    "[1,] -0.68743245  0.5467528  0.2625988  0.12288567 0.3800513\n",
    "[2,] -0.34770413 -0.8215951  0.1669214  0.07811223 0.4124550\n",
    "[3,] -0.03951052  0.0620014 -0.8919551  0.03333924 0.4448588\n",
    "[4,]  0.26868309  0.0902682  0.2022488 -0.80683068 0.4772638\n",
    "[5,]  0.57687674  0.1185345  0.2582454  0.57158581 0.5096683\n",
    "\n",
    "# Computing R\n",
    "> R <-qr.R(A_QR)\n",
    "> R\n",
    "          [,1]      [,2]        [,3]       [,4]         [,5]\n",
    "[1,] -31.71112 -20.06798 -8.45637088  3.1552389 1.476685e+01\n",
    "[2,]   0.00000  -1.16914 -0.08633496  0.1411405 3.686152e-01\n",
    "[3,]   0.00000   0.00000 -0.96319902  0.2266828 3.783568e-01\n",
    "[4,]   0.00000   0.00000  0.00000000 -0.7953972 6.277923e-01\n",
    "[5,]   0.00000   0.00000  0.00000000  0.0000000 7.314195e-07\n",
    "\n",
    "# Proof: A = QR\n",
    "> Q %*% R\n",
    "           [,1]       [,2]      [,3]      [,4]      [,5]\n",
    "[1,]  21.799256  13.156150  5.513045 -2.130061 -9.773166\n",
    "[2,]  11.026089   7.938279  2.850469 -1.237342 -5.325152\n",
    "[3,]   1.252923   0.720408  1.187893 -0.344623 -0.877138\n",
    "[4,]  -8.520243  -5.497463 -2.474683  1.548097  3.570877\n",
    "[5,] -18.293410 -11.715334 -5.137259  1.440816  9.018891\n",
    "> A\n",
    "           [,1]       [,2]      [,3]      [,4]      [,5]\n",
    "[1,]  21.799256  13.156150  5.513045 -2.130061 -9.773166\n",
    "[2,]  11.026089   7.938279  2.850469 -1.237342 -5.325152\n",
    "[3,]   1.252923   0.720408  1.187893 -0.344623 -0.877138\n",
    "[4,]  -8.520243  -5.497463 -2.474683  1.548097  3.570877\n",
    "[5,] -18.293410 -11.715334 -5.137259  1.440816  9.018891\n",
    "\n",
    "# Proof: Q is orthogonal\n",
    "> det(Q)\n",
    "[1] 1\n",
    "> inv(Q)\n",
    "           [,1]        [,2]        [,3]       [,4]      [,5]\n",
    "[1,] -0.6874325 -0.34770413 -0.03951052  0.2686831 0.5768767\n",
    "[2,]  0.5467528 -0.82159507  0.06200140  0.0902682 0.1185345\n",
    "[3,]  0.2625988  0.16692135 -0.89195511  0.2022488 0.2582454\n",
    "[4,]  0.1228857  0.07811223  0.03333924 -0.8068307 0.5715858\n",
    "[5,]  0.3800513  0.41245499  0.44485878  0.4772638 0.5096683\n",
    "> t(Q)\n",
    "           [,1]        [,2]        [,3]       [,4]      [,5]\n",
    "[1,] -0.6874325 -0.34770413 -0.03951052  0.2686831 0.5768767\n",
    "[2,]  0.5467528 -0.82159507  0.06200140  0.0902682 0.1185345\n",
    "[3,]  0.2625988  0.16692135 -0.89195511  0.2022488 0.2582454\n",
    "[4,]  0.1228857  0.07811223  0.03333924 -0.8068307 0.5715858\n",
    "[5,]  0.3800513  0.41245499  0.44485878  0.4772638 0.5096683\n",
    "\n",
    "# Eigenvalues decomposition\n",
    "> A_eig <- eigen(A)\n",
    "> M <- A_eig$vectors\n",
    "> M\n",
    "            [,1]       [,2]        [,3]          [,4]      [,5]\n",
    "[1,] -0.67495283  0.3849134  0.08428975  1.567008e-08 0.1079747\n",
    "[2,] -0.36038970 -0.4456035 -0.61888347 -5.000000e-01 0.2527752\n",
    "[3,] -0.04582658 -0.4322984  0.60040532  5.000000e-01 0.3975755\n",
    "[4,]  0.26873656  0.6617520  0.31868094  5.000000e-01 0.5423746\n",
    "[5,]  0.58329969 -0.1687649 -0.38449239 -5.000000e-01 0.6871751\n",
    "\n",
    "# Proof: A = M D M^-1\n",
    "> D <- diag(A_eig$values)\n",
    "> D\n",
    "         [,1] [,2] [,3] [,4]        [,5]\n",
    "[1,] 38.49241    0    0    0 0.00000e+00\n",
    "[2,]  0.00000    1    0    0 0.00000e+00\n",
    "[3,]  0.00000    0    1    0 0.00000e+00\n",
    "[4,]  0.00000    0    0    1 0.00000e+00\n",
    "[5,]  0.00000    0    0    0 5.39721e-07\n",
    "\n",
    "> M %*% D %*% inv(M)\n",
    "           [,1]       [,2]      [,3]      [,4]      [,5]\n",
    "[1,]  21.799256  13.156150  5.513045 -2.130061 -9.773166\n",
    "[2,]  11.026089   7.938279  2.850469 -1.237342 -5.325152\n",
    "[3,]   1.252923   0.720408  1.187893 -0.344623 -0.877138\n",
    "[4,]  -8.520243  -5.497463 -2.474683  1.548097  3.570877\n",
    "[5,] -18.293410 -11.715334 -5.137259  1.440816  9.018891\n",
    "> A\n",
    "           [,1]       [,2]      [,3]      [,4]      [,5]\n",
    "[1,]  21.799256  13.156150  5.513045 -2.130061 -9.773166\n",
    "[2,]  11.026089   7.938279  2.850469 -1.237342 -5.325152\n",
    "[3,]   1.252923   0.720408  1.187893 -0.344623 -0.877138\n",
    "[4,]  -8.520243  -5.497463 -2.474683  1.548097  3.570877\n",
    "[5,] -18.293410 -11.715334 -5.137259  1.440816  9.018891\n",
    "```\n",
    "\n"
   ]
  },
  {
   "cell_type": "markdown",
   "metadata": {},
   "source": [
    "## Matrix Decomposition in Python\n",
    "\n",
    "Let's use *scipy.linalg* SciPy sub-package to compute the previous matrices:"
   ]
  },
  {
   "cell_type": "code",
   "execution_count": 1,
   "metadata": {},
   "outputs": [],
   "source": [
    "# Importing libraries and methods\n",
    "import numpy as np\n",
    "from scipy.linalg import expm, lu, qr, eig\n",
    "\n",
    "# No scientific notation\n",
    "np.set_printoptions(suppress = True)"
   ]
  },
  {
   "cell_type": "code",
   "execution_count": 2,
   "metadata": {},
   "outputs": [
    {
     "data": {
      "text/plain": [
       "array([[ -1,  -2,  -3,  -4,  -5],\n",
       "       [ -6,  -7,  -8,  -9, -10],\n",
       "       [-11, -12, -13, -14, -15],\n",
       "       [-16, -17, -18, -19, -20],\n",
       "       [-21, -22, -23, -24, -25]])"
      ]
     },
     "execution_count": 2,
     "metadata": {},
     "output_type": "execute_result"
    }
   ],
   "source": [
    "# Defining A\n",
    "A = - np.array([[1, 2, 3, 4, 5], [6, 7, 8, 9, 10], [11, 12, 13, 14, 15], [16, 17, 18, 19, 20], [21, 22, 23, 24, 25]])\n",
    "A"
   ]
  },
  {
   "cell_type": "code",
   "execution_count": 3,
   "metadata": {},
   "outputs": [
    {
     "data": {
      "text/plain": [
       "array([[ 21.62066928,  13.04301802,   5.46536676,  -2.11228449,\n",
       "         -9.68993575],\n",
       "       [ 10.93073353,   7.87787234,   2.82501115,  -1.22785004,\n",
       "         -5.28071123],\n",
       "       [  1.24079778,   0.71272666,   1.18465553,  -0.34341559,\n",
       "         -0.87148671],\n",
       "       [ -8.44913797,  -5.45241903,  -2.45570008,   1.54101886,\n",
       "          3.53773781],\n",
       "       [-18.13907372, -11.61756471,  -5.0960557 ,   1.42545331,\n",
       "          8.94696232]])"
      ]
     },
     "execution_count": 3,
     "metadata": {},
     "output_type": "execute_result"
    }
   ],
   "source": [
    "# Computing e^A\n",
    "A = expm(A)\n",
    "A"
   ]
  },
  {
   "cell_type": "code",
   "execution_count": 4,
   "metadata": {},
   "outputs": [
    {
     "name": "stdout",
     "output_type": "stream",
     "text": [
      "L matrix: \n",
      "\n",
      " [[ 1.          0.          0.          0.          0.        ]\n",
      " [ 0.50556869  1.          0.          0.          0.        ]\n",
      " [ 0.05738943 -0.02789109  1.          0.          0.        ]\n",
      " [-0.39078984 -0.27680263 -0.34691029  1.          0.        ]\n",
      " [-0.83896911 -0.52571417 -0.5479876  -0.93642081  1.        ]] \n",
      "\n",
      "U matrix: \n",
      "\n",
      " [[21.62066928 13.04301802  5.46536676 -2.11228449 -9.68993575]\n",
      " [ 0.          1.28373075  0.06189281 -0.15994513 -0.38178307]\n",
      " [ 0.          0.          0.87272753 -0.22665384 -0.32603522]\n",
      " [ 0.          0.          0.          0.59265775 -0.4677742 ]\n",
      " [ 0.          0.          0.          0.         -0.        ]] \n",
      "\n",
      "L * U: \n",
      "\n",
      " [[ 21.62066928  13.04301802   5.46536676  -2.11228449  -9.68993575]\n",
      " [ 10.93073353   7.87787234   2.82501115  -1.22785004  -5.28071123]\n",
      " [  1.24079778   0.71272666   1.18465553  -0.34341559  -0.87148671]\n",
      " [ -8.44913797  -5.45241903  -2.45570008   1.54101886   3.53773781]\n",
      " [-18.13907372 -11.61756471  -5.0960557    1.42545331   8.94696232]] \n",
      "\n",
      "Matrix: \n",
      "\n",
      " [[ 21.62066928  13.04301802   5.46536676  -2.11228449  -9.68993575]\n",
      " [ 10.93073353   7.87787234   2.82501115  -1.22785004  -5.28071123]\n",
      " [  1.24079778   0.71272666   1.18465553  -0.34341559  -0.87148671]\n",
      " [ -8.44913797  -5.45241903  -2.45570008   1.54101886   3.53773781]\n",
      " [-18.13907372 -11.61756471  -5.0960557    1.42545331   8.94696232]] \n",
      "\n"
     ]
    }
   ],
   "source": [
    "# LU decomposition\n",
    "LU = lu(A)\n",
    "L = LU[1]\n",
    "U = LU[2]\n",
    "\n",
    "print(\"L matrix: \\n\\n\", L, \"\\n\")\n",
    "print(\"U matrix: \\n\\n\", U, \"\\n\")\n",
    "\n",
    "# A = LU\n",
    "print(\"L * U: \\n\\n\", L @ U, \"\\n\")\n",
    "print(\"Matrix: \\n\\n\", A, \"\\n\")"
   ]
  },
  {
   "cell_type": "code",
   "execution_count": 5,
   "metadata": {},
   "outputs": [
    {
     "name": "stdout",
     "output_type": "stream",
     "text": [
      "Q matrix: \n",
      "\n",
      " [[-0.68753629  0.54665064  0.2625508   0.12286304  0.38005088]\n",
      " [-0.34759683 -0.82164668  0.16689587  0.07810044  0.41245516]\n",
      " [-0.03945731  0.06199683 -0.8919575   0.03333785  0.44485944]\n",
      " [ 0.2686822   0.09030824  0.20226853 -0.80682159  0.47726372]\n",
      " [ 0.57682171  0.11861964  0.25828688  0.5716052   0.509668  ]] \n",
      "\n",
      "R matrix: \n",
      "\n",
      " [[-31.44658618 -19.90022547  -8.38566471   3.12889604  14.6434568 ]\n",
      " [  0.          -1.16913651  -0.08633218   0.14114003   0.36861225]\n",
      " [  0.           0.          -0.96319843   0.22668253   0.37835581]\n",
      " [  0.           0.           0.          -0.79539684   0.62779255]\n",
      " [  0.           0.           0.           0.          -0.        ]] \n",
      "\n",
      "Q * R: \n",
      "\n",
      " [[ 21.62066928  13.04301802   5.46536676  -2.11228449  -9.68993575]\n",
      " [ 10.93073353   7.87787234   2.82501115  -1.22785004  -5.28071123]\n",
      " [  1.24079778   0.71272666   1.18465553  -0.34341559  -0.87148671]\n",
      " [ -8.44913797  -5.45241903  -2.45570008   1.54101886   3.53773781]\n",
      " [-18.13907372 -11.61756471  -5.0960557    1.42545331   8.94696232]] \n",
      "\n",
      "Matrix: \n",
      "\n",
      " [[ 21.62066928  13.04301802   5.46536676  -2.11228449  -9.68993575]\n",
      " [ 10.93073353   7.87787234   2.82501115  -1.22785004  -5.28071123]\n",
      " [  1.24079778   0.71272666   1.18465553  -0.34341559  -0.87148671]\n",
      " [ -8.44913797  -5.45241903  -2.45570008   1.54101886   3.53773781]\n",
      " [-18.13907372 -11.61756471  -5.0960557    1.42545331   8.94696232]] \n",
      "\n"
     ]
    }
   ],
   "source": [
    "# QR decomposition\n",
    "QR = qr(A)\n",
    "Q = QR[0]\n",
    "R = QR[1]\n",
    "\n",
    "print(\"Q matrix: \\n\\n\", Q, \"\\n\")\n",
    "print(\"R matrix: \\n\\n\", R, \"\\n\")\n",
    "\n",
    "# A = QR\n",
    "print(\"Q * R: \\n\\n\", Q @ R, \"\\n\")\n",
    "print(\"Matrix: \\n\\n\", A, \"\\n\")"
   ]
  },
  {
   "cell_type": "code",
   "execution_count": 6,
   "metadata": {},
   "outputs": [
    {
     "name": "stdout",
     "output_type": "stream",
     "text": [
      "Q determinant: 0.9999999999999998 \n",
      "\n",
      "Q inverse: \n",
      "\n",
      " [[-0.68753629 -0.34759683 -0.03945731  0.2686822   0.57682171]\n",
      " [ 0.54665064 -0.82164668  0.06199683  0.09030824  0.11861964]\n",
      " [ 0.2625508   0.16689587 -0.8919575   0.20226853  0.25828688]\n",
      " [ 0.12286304  0.07810044  0.03333785 -0.80682159  0.5716052 ]\n",
      " [ 0.38005088  0.41245516  0.44485944  0.47726372  0.509668  ]] \n",
      "\n",
      "Q transpose: \n",
      "\n",
      " [[-0.68753629 -0.34759683 -0.03945731  0.2686822   0.57682171]\n",
      " [ 0.54665064 -0.82164668  0.06199683  0.09030824  0.11861964]\n",
      " [ 0.2625508   0.16689587 -0.8919575   0.20226853  0.25828688]\n",
      " [ 0.12286304  0.07810044  0.03333785 -0.80682159  0.5716052 ]\n",
      " [ 0.38005088  0.41245516  0.44485944  0.47726372  0.509668  ]] \n",
      "\n"
     ]
    }
   ],
   "source": [
    "# Q is orthogonal\n",
    "det = np.linalg.det(Q)\n",
    "inv = np.linalg.inv(Q)\n",
    "t = Q.T\n",
    "\n",
    "print(\"Q determinant:\", float(det), \"\\n\")\n",
    "print(\"Q inverse: \\n\\n\", inv, \"\\n\")\n",
    "print(\"Q transpose: \\n\\n\", t, \"\\n\")"
   ]
  },
  {
   "cell_type": "code",
   "execution_count": 7,
   "metadata": {},
   "outputs": [
    {
     "name": "stdout",
     "output_type": "stream",
     "text": [
      "D matrix: \n",
      "\n",
      " [[38.17117834  0.          0.          0.          0.        ]\n",
      " [ 0.          0.          0.          0.          0.        ]\n",
      " [ 0.          0.          1.          0.          0.        ]\n",
      " [ 0.          0.          0.          1.          0.        ]\n",
      " [ 0.          0.          0.          0.          1.        ]] \n",
      "\n",
      "M matrix: \n",
      "\n",
      " [[-0.67495283  0.10797496  0.12809172 -0.49957738 -0.08321425]\n",
      " [-0.3603897   0.25277499 -0.43044282  0.52821912  0.42428309]\n",
      " [-0.04582657  0.39757502  0.66930621  0.46103962 -0.09826284]\n",
      " [ 0.26873656  0.54237506 -0.55965083 -0.50842706 -0.74346662]\n",
      " [ 0.58329969  0.68717509  0.19269572  0.01874571  0.50066061]] \n",
      "\n",
      "M * D * M^-1: \n",
      "\n",
      " [[ 21.62066928  13.04301802   5.46536676  -2.11228449  -9.68993575]\n",
      " [ 10.93073353   7.87787234   2.82501115  -1.22785004  -5.28071123]\n",
      " [  1.24079778   0.71272666   1.18465553  -0.34341559  -0.87148671]\n",
      " [ -8.44913797  -5.45241903  -2.45570008   1.54101886   3.53773781]\n",
      " [-18.13907372 -11.61756471  -5.0960557    1.42545331   8.94696232]] \n",
      "\n",
      "Matrix: \n",
      "\n",
      " [[ 21.62066928  13.04301802   5.46536676  -2.11228449  -9.68993575]\n",
      " [ 10.93073353   7.87787234   2.82501115  -1.22785004  -5.28071123]\n",
      " [  1.24079778   0.71272666   1.18465553  -0.34341559  -0.87148671]\n",
      " [ -8.44913797  -5.45241903  -2.45570008   1.54101886   3.53773781]\n",
      " [-18.13907372 -11.61756471  -5.0960557    1.42545331   8.94696232]]\n"
     ]
    }
   ],
   "source": [
    "# Eigenvalues decomposition\n",
    "eig = eig(A)\n",
    "D = np.diag(eig[0]).real\n",
    "M = eig[1]\n",
    "\n",
    "print(\"D matrix: \\n\\n\", D, \"\\n\")\n",
    "print(\"M matrix: \\n\\n\", M, \"\\n\")\n",
    "\n",
    "# A = MDM^-1\n",
    "MDMinv = (M @ D @ (np.linalg.inv(M))).real\n",
    "\n",
    "print(\"M * D * M^-1: \\n\\n\", MDMinv, \"\\n\")\n",
    "print(\"Matrix: \\n\\n\", A)"
   ]
  }
 ],
 "metadata": {
  "kernelspec": {
   "display_name": "Python 3",
   "language": "python",
   "name": "python3"
  },
  "language_info": {
   "codemirror_mode": {
    "name": "ipython",
    "version": 3
   },
   "file_extension": ".py",
   "mimetype": "text/x-python",
   "name": "python",
   "nbconvert_exporter": "python",
   "pygments_lexer": "ipython3",
   "version": "3.9.6"
  }
 },
 "nbformat": 4,
 "nbformat_minor": 2
}
